Path 1
total_distance:157225
total_energy:19.503805165333702
elevation:-11.0;1.0
2.0;2.0
Path 2
total_distance:78596
total_energy:9.74998636279172
elevation:02.5;2.0
2.0;2.5
Path 3
total_distance:55597
total_energy:6.896950607659694
elevation:02.0;2.0
2.5;2.0
Path 4
total_distance:200410
total_energy:24.860939882237798
elevation:-11.0;1.0
2.0;2.5
